31 22 14 11 82 13 21 8 26 83 0 74 0 30 26 8 68 73 13 65 17 89 23 27 25 19 6 12 24 4 77 8 6 18 26 0 11 0 26 3 29 22 76 3 27 22 20 3 77 13 8 7 70 29 7 20 74 23 14 26 8 11 2 25 
5 11 77 8 29 23 1 71 0 27 4 24 17 87 0 12 23 0 2 65 3 20 20 2 6 71 8 16 2 67 1 1 8 3 0 8 15 82 23 76 14 17 2 13 7 89 0 12 1 7 2 17 70 19 1 14 6 31 75 86 2 0 2 26 
28 88 4 26 82 15 4 20 84 21 0 7 27 2 4 77 2 79 17 65 31 23 16 78 30 15 3 11 17 67 25 12 10 70 13 4 11 69 29 9 74 16 13 5 23 12 17 10 8 25 71 5 3 27 3 11 15 83 31 4 0 30 14 26 
21 28 77 8 0 23 8 71 18 18 19 74 21 25 19 77 19 73 7 4 80 19 0 29 30 71 30 10 86 4 8 16 79 7 78 24 15 83 26 9 74 23 10 72 1 17 10 30 77 2 4 26 8 29 16 71 9 1 14 23 21 1 4 24 
4 16 8 78 17 16 0 2 7 22 65 2 21 26 21 24 22 71 6 19 80 14 20 29 74 9 5 17 86 9 24 23 27 70 15 2 23 0 12 25 24 31 9 26 85 16 23 77 26 10 20 85 7 84 30 6 25 7 14 4 17 1 14 21 
21 88 4 26 82 25 9 11 84 0 21 11 6 3 18 9 68 87 10 21 24 89 20 78 12 21 15 22 30 15 20 68 13 7 5 9 10 0 9 3 6 28 9 6 85 27 22 3 77 24 8 19 18 84 28 9 74 7 3 19 65 1 5 5 
25 28 8 78 16 13 17 71 3 26 21 2 84 29 2 30 16 0 23 9 21 89 7 7 13 15 30 69 23 14 2 17 1 18 78 3 8 0 13 30 3 11 28 72 26 23 67 25 5 14 71 26 19 0 0 14 14 22 75 2 9 13 75 30 
21 25 31 26 82 23 3 71 0 27 8 25 84 21 2 31 3 69 17 65 7 24 6 78 11 71 0 16 31 0 20 68 31 3 28 10 11 67 26 0 19 88 31 13 20 10 12 3 8 15 71 23 3 17 21 71 26 18 31 2 24 72 12 4 
25 20 1 11 22 88 17 8 84 3 4 24 18 18 20 25 13 79 13 65 18 12 1 78 29 15 11 17 86 14 12 0 10 70 7 24 78 84 28 25 6 1 76 27 5 28 0 4 12 7 71 2 7 7 83 19 2 22 75 21 9 13 14 5 
21 71 0 11 30 12 28 71 19 28 14 15 13 87 22 3 0 0 12 14 10 16 27 9 74 8 28 0 4 67 25 12 10 70 11 8 9 69 29 76 2 13 11 15 28 23 4 77 25 3 2 85 22 21 7 19 19 83 7 31 10 13 75 23 
80 15 12 28 31 88 1 2 24 26 2 3 27 2 4 77 6 76 2 15 27 28 1 78 3 19 74 18 23 16 3 91 27 70 4 25 29 84 78 13 4 1 76 11 29 28 6 30 8 75 14 1 70 3 18 20 74 18 75 20 13 13 5 18 
80 23 11 78 1 16 4 21 4 83 2 2 17 19 19 12 22 0 2 15 20 89 22 28 15 6 7 28 86 16 26 13 28 21 78 15 28 69 15 24 3 22 11 72 20 89 5 1 12 29 8 7 70 0 27 6 30 83 28 23 18 72 9 25 
4 16 77 12 29 20 1 71 21 29 5 74 7 26 24 2 16 72 6 23 21 11 12 78 7 8 24 11 31 13 10 68 27 9 3 76 26 72 11 76 2 29 13 12 85 26 11 8 11 75 16 26 19 24 23 71 29 18 0 19 65 29 27 86 
21 25 31 2 11 88 4 9 16 83 9 15 21 19 87 25 11 0 23 9 21 89 25 1 9 6 6 69 16 2 31 9 10 20 81 31 78 77 15 30 1 29 24 72 1 22 67 29 4 8 12 85 18 28 22 71 12 1 14 5 9 13 24 2 
80 17 3 9 0 29 1 14 17 29 21 25 84 31 18 77 19 79 22 13 20 89 29 15 4 3 26 12 21 8 77 22 6 22 11 76 28 69 10 76 30 23 1 9 1 22 6 30 77 8 21 28 21 4 83 11 15 7 31 3 2 13 75 23 
30 28 77 29 5 29 0 19 84 28 15 3 27 25 4 77 12 69 67 10 30 28 2 78 30 15 11 17 86 2 77 3 29 3 15 24 78 67 6 9 15 11 9 72 29 24 14 15 24 25 0 16 20 84 4 6 25 29 31 86 11 29 24 2 
80 25 15 1 7 12 69 19 28 22 65 26 21 3 3 20 68 65 13 5 80 26 29 11 15 20 15 69 31 23 77 19 14 21 78 13 12 79 27 24 74 12 4 13 85 9 6 31 11 14 4 1 70 22 18 11 11 29 8 19 65 7 13 86 
22 20 12 24 29 10 22 71 3 27 4 4 84 27 2 3 7 72 23 8 29 28 85 13 11 10 15 69 2 11 8 68 4 15 26 15 6 69 0 76 29 25 31 72 19 16 15 1 8 15 71 2 15 0 27 71 30 27 14 86 18 1 17 12 
28 29 77 1 20 88 21 6 0 7 8 15 7 87 24 3 68 84 11 4 80 30 7 7 6 11 74 17 30 6 77 5 29 9 3 13 78 79 8 76 30 23 13 27 1 28 7 77 15 30 9 6 70 21 29 3 74 7 3 19 65 27 2 17 
24 12 77 1 20 88 6 15 17 22 18 15 84 4 27 2 19 76 26 65 29 28 25 26 3 9 13 69 25 21 8 22 79 18 6 9 78 77 11 13 30 23 2 13 85 10 22 3 3 18 71 6 7 0 6 21 14 18 18 86 0 14 31 19 
2 22 2 1 28 88 4 71 23 6 19 3 27 2 4 77 8 73 23 21 28 28 85 12 5 30 74 11 23 14 8 0 79 3 10 8 7 69 78 27 11 20 7 13 17 89 10 3 25 4 71 1 14 17 83 3 3 29 14 4 65 31 2 2 
24 88 5 7 1 88 3 6 25 26 13 19 84 18 19 9 13 69 67 9 17 29 85 6 15 6 24 1 86 16 25 11 29 15 11 31 78 65 12 3 31 12 76 28 29 28 67 14 5 14 2 6 3 84 27 6 7 17 30 4 6 13 25 86 
22 10 2 3 82 16 12 20 84 21 19 3 17 25 19 30 68 66 22 21 80 17 16 78 2 6 14 69 24 6 27 1 29 70 26 30 7 69 10 76 5 22 9 72 29 16 14 30 8 7 1 85 7 7 83 20 5 28 5 86 0 27 75 30 
21 88 30 26 23 8 21 2 16 83 8 4 7 30 19 8 68 72 6 65 19 22 0 2 14 71 25 8 19 15 1 68 27 14 11 76 10 69 2 5 9 17 3 29 6 89 16 14 8 5 19 85 18 28 18 19 74 30 10 18 4 72 3 31 
3 88 0 1 7 12 13 71 3 18 21 15 6 87 31 4 23 0 6 24 21 10 85 25 3 3 15 11 19 7 77 5 28 70 6 9 78 87 15 24 9 16 9 12 85 13 12 0 77 24 12 28 10 24 21 18 6 31 18 86 7 4 2 6 
80 25 77 30 19 12 17 30 84 28 15 74 0 31 18 77 3 82 10 13 28 89 20 10 14 14 4 2 86 2 77 23 3 15 13 9 78 79 8 76 9 16 9 13 6 28 67 25 5 10 19 85 15 25 30 2 14 26 10 2 4 4 18 86 
18 29 10 15 28 88 17 8 84 30 4 6 0 0 31 8 10 0 23 9 21 89 23 27 24 0 15 23 86 20 12 23 79 0 7 2 15 76 2 21 74 8 0 9 22 28 7 77 4 5 71 19 20 27 29 19 74 28 13 86 4 12 15 31 
21 88 4 26 82 15 4 20 84 31 8 1 17 87 22 77 19 79 17 10 80 22 19 78 11 21 30 69 2 11 8 68 13 19 0 76 25 65 29 76 25 16 5 6 12 89 2 3 9 75 16 20 20 25 83 19 2 22 75 6 0 28 31 15 
80 15 12 29 82 12 13 14 23 24 65 11 26 19 87 7 17 73 0 24 80 24 27 10 74 19 2 0 86 0 5 1 10 21 11 76 25 65 29 76 12 20 3 31 28 23 4 77 9 4 16 27 70 0 27 2 74 0 2 18 4 27 75 19 
20 28 4 11 82 12 10 8 31 83 9 3 7 87 17 4 22 83 23 65 18 16 1 11 74 6 4 1 86 23 5 1 79 0 2 13 24 79 28 31 74 29 20 24 25 22 7 8 9 75 14 27 70 28 26 20 74 30 4 3 21 0 75 2 
24 29 77 3 23 25 17 71 3 18 18 74 7 22 1 2 22 89 67 0 30 29 85 29 7 8 1 28 86 23 5 1 79 5 6 9 11 83 11 76 29 25 31 72 7 16 0 5 77 10 9 17 70 23 1 2 11 30 18 86 0 6 15 86 
4 16 8 78 4 29 2 2 0 18 3 6 17 4 87 12 0 68 6 5 80 24 85 8 24 2 25 13 86 0 31 17 1 5 6 76 7 84 78 27 11 11 76 13 3 28 17 20 25 3 14 27 1 84 27 2 74 27 10 18 65 1 6 23 
23 17 3 11 22 88 4 9 16 83 12 5 6 18 17 31 11 77 67 21 24 24 1 78 14 6 19 69 25 13 77 1 11 2 7 9 78 66 11 15 11 21 9 72 20 89 17 8 10 30 11 20 20 84 18 19 74 20 25 31 13 4 75 86 
19 16 4 2 30 88 13 2 84 22 23 15 26 87 26 12 0 69 67 20 0 89 20 78 6 14 30 17 26 6 77 23 0 8 9 76 15 66 1 25 30 88 24 0 16 89 0 5 8 14 20 16 70 28 18 10 8 6 25 17 4 26 75 86 